data shape: 
(768, 9)

description: 
             preg        plas        pres        skin        test        mass  \
count  768.000000  768.000000  768.000000  768.000000  768.000000  768.000000   
mean     3.845052  120.894531   69.105469   20.536458   79.799479   31.992578   
std      3.369578   31.972618   19.355807   15.952218  115.244002    7.884160   
min      0.000000    0.000000    0.000000    0.000000    0.000000    0.000000   
25%      1.000000   99.000000   62.000000    0.000000    0.000000   27.300000   
50%      3.000000  117.000000   72.000000   23.000000   30.500000   32.000000   
75%      6.000000  140.250000   80.000000   32.000000  127.250000   36.600000   
max     17.000000  199.000000  122.000000   99.000000  846.000000   67.100000   

             pedi         age       class  
count  768.000000  768.000000  768.000000  
mean     0.471876   33.240885    0.348958  
std      0.331329   11.760232    0.476951  
min      0.078000   21.000000    0.000000  
25%      0.243750   24.000000    0.000000  
50%      0.372500   29.000000    0.000000  
75%      0.626250   41.000000    1.000000  
max      2.420000   81.000000    1.000000  

Data Type: 
preg       int64
plas       int64
pres       int64
skin       int64
test       int64
mass     float64
pedi     float64
age        int64
class      int64
dtype: object

1st elements: 
   preg  plas  pres  skin  test  mass   pedi  age  class
0     6   148    72    35     0  33.6  0.627   50      1
1     1    85    66    29     0  26.6  0.351   31      0
2     8   183    64     0     0  23.3  0.672   32      1
3     1    89    66    23    94  28.1  0.167   21      0
4     0   137    40    35   168  43.1  2.288   33      1

correlation: 
           preg      plas      pres      skin      test      mass      pedi  \
preg   1.000000  0.129459  0.141282 -0.081672 -0.073535  0.017683 -0.033523   
plas   0.129459  1.000000  0.152590  0.057328  0.331357  0.221071  0.137337   
pres   0.141282  0.152590  1.000000  0.207371  0.088933  0.281805  0.041265   
skin  -0.081672  0.057328  0.207371  1.000000  0.436783  0.392573  0.183928   
test  -0.073535  0.331357  0.088933  0.436783  1.000000  0.197859  0.185071   
mass   0.017683  0.221071  0.281805  0.392573  0.197859  1.000000  0.140647   
pedi  -0.033523  0.137337  0.041265  0.183928  0.185071  0.140647  1.000000   
age    0.544341  0.263514  0.239528 -0.113970 -0.042163  0.036242  0.033561   
class  0.221898  0.466581  0.065068  0.074752  0.130548  0.292695  0.173844   

            age     class  
preg   0.544341  0.221898  
plas   0.263514  0.466581  
pres   0.239528  0.065068  
skin  -0.113970  0.074752  
test  -0.042163  0.130548  
mass   0.036242  0.292695  
pedi   0.033561  0.173844  
age    1.000000  0.238356  
class  0.238356  1.000000  